CW NJ
0.13223 0.229843 0.234274 0.141032 0.320466 0.363648 0.418427 0.207207 0.441215 0.334587 0.156192 
0.40849 0.324128 0.413504 0.256804 0.316864 0.403678 0.206467 0.15753 0.360606 0.324474 0.329662 
0.349303 0.439395 0.568985 0.22168 0.470027 0.387741 0.482981 0.446891 0.507507 0.511456 0.707866 
0.764108 0.534342 0.363184 0.156529 0.551457 0.307198 0.529368 0.542862 0.49991 0.137646 0.319833 0.455252 0.541403 0.397308 
0.277332 0.341767 0.565005 0.231883 0.452612 0.445165 0.451388 0.571728 0.56663 0.661198 0.811873 0.351669 0.381103 
CW MPP
0.664734 0.822095 0.592384 0.456725 0.58052 0.621208 0.358543 0.260124 0.120911 0.514961 0.291644 0.570935 0.356587 0.3183 
0.885801 0.812412 0.196174 0.405004 0.775843 0.441965 0.570498 0.638458 0.332818 0.563997 0.290521 0.534223 0.503885 0.468056 
0.629881 0.611102 1.2001 0.250119 0.607581 0.955654 0.487598 0.539373 0.834283 0.463912 0.909313 1.14814 0.431251 0.681377 
0.757443 0.824907 0.632996 1.11039 0.673804 0.971927 0.240955 0.503596 0.641088 0.483806 0.420518 0.406603 0.653738 0.988078 
1.37747 0.557728 1.758 1.14804 0.390027 0.587633 0.842101 0.754838 0.991951 0.60907 0.56059 1.40024 1.12512 0.75407 
CW MPH
1.18651 0.704789 0.592384 0.756833 0.58052 0.777883 0.916438 0.712207 0.598168 0.514961 0.516814 1.12767 0.356587 0.3183 
0.950807 1.00538 0.953636 0.877633 0.909442 0.840518 0.989043 1.01587 0.332818 1.07655 0.991307 0.809292 0.7899 0.715691 
1.00713 1.06459 1.36693 1.16814 0.88681 0.931893 0.951884 0.539373 1.15503 0.463912 1.30143 1.43348 0.431251 1.30099 
1.15906 1.23881 1.32306 1.34886 0.673804 1.60126 1.39995 1.48224 1.317 1.60284 0.776421 1.4114 1.46915 1.38737 
1.6509 1.50064 1.76627 1.92906 1.84443 1.87588 1.0895 1.72289 1.04223 1.54983 1.61238 2.01794 1.6523 1.91696 
CW MC
0.111573 0.518644 0.122498 0.324339 0.659835 0.453191 0.403469 0.313313 0.267363 0.19086 0.112309 0.211656 0.259339 0.523619 
1.68794 1.08464 1.99511 1.95734 1.4805 1.25666 1.05776 1.45683 1.16025 2.14961 1.25079 1.15103 2.20677 1.71845 
1.85364 1.74093 2.32584 2.41197 1.43628 2.04913 2.43482 1.49675 2.01446 2.30143 2.53244 2.38368 1.6468 2.34002 
2.95163 2.60183 2.92702 2.89455 2.56891 2.83698 3.00311 2.70266 2.97986 2.51268 2.56491 3.01255 2.56641 2.67813 
3.31251 3.25744 2.82453 3.09474 2.78365 3.21296 3.26687 2.94634 2.92163 3.10646 3.22721 2.84603 2.80991 3.32563 
CW MLP
1.01478 0.308916 0.242598 0.415678 0.601645 0.236324 0.506252 0.630514 0.432987 0.629385 0.629401 1.05828 0.897686 0.178882 
0.781335 0.493691 0.422223 0.498147 0.285275 0.447302 0.448568 0.429987 0.641528 0.258625 0.448136 0.644702 0.310213 0.393741 
0.437517 0.288154 0.8302 0.5698 0.558935 0.458386 0.380031 0.773484 0.589824 0.682008 0.77184 0.36265 0.948511 0.986297 
0.740677 0.894073 0.51981 0.266335 0.510966 0.529149 0.576588 0.582989 0.527876 0.33722 0.870209 0.555966 0.72168 0.462117 
0.758503 0.44132 0.495806 0.638017 0.350854 0.48276 0.670239 0.4911 0.550887 0.600586 0.789558 1.1034 0.448016 0.955954 
CW MLH
1.09505 0.2998 0.75132 0.546368 0.310649 0.341229 1.09109 0.828652 0.743594 0.532251 0.679604 1.12788 0.367214 0.187097 
0.729476 0.916654 0.753825 0.494404 0.513385 0.530886 0.645987 0.599337 0.256555 0.722123 1.09816 0.801995 0.346439 0.929145 
0.587146 1.16064 1.08742 0.868593 0.360297 1.00802 0.471693 0.647754 1.14453 0.417617 0.964924 0.810918 0.728853 0.967552 
0.766596 0.598968 1.31781 0.949458 0.623543 1.40996 0.884097 1.04143 1.02101 0.888968 0.907908 1.58475 1.47718 0.598426 
0.728262 1.04817 0.605829 1.70832 1.47273 0.818208 1.72346 0.543749 1.08465 0.92206 1.27787 1.65497 2.35091 
CS NJ
0.0451094 0.214117 0.171135 0.262436 0.456292 0.369123 0.516168 0.21938 0.506769 0.393745 0.296705 
0.442526 0.460651 0.469142 0.279768 0.290265 0.341497 0.303929 0.252553 0.409712 0.557401 0.284053 
0.317887 0.26518 0.616862 0.258664 0.624377 0.43334 0.494035 0.468961 0.443858 0.525406 0.763856 
0.513797 0.566115 0.501503 0.359515 0.457102 0.416986 0.776786 0.394408 0.616258 0.318426 0.495693 0.498708 0.45427 0.660151 
0.442636 0.873185 0.709455 0.579174 0.554001 0.621433 0.928155 0.543146 0.750894 0.576845 0.759401 0.572386 0.439178 
CS MPP
0.664734 0.822095 0.592384 0.456725 0.58052 0.621208 0.358543 0.260124 0.120911 0.514961 0.291644 0.570935 0.356587 0.496398 
0.885801 0.812412 0.196174 0.405004 0.775843 0.441965 0.570498 0.638458 0.332818 0.563997 0.290521 0.534223 0.503885 0.244786 
0.610493 0.611102 1.2001 0.250119 0.607581 0.955654 0.487598 0.539373 0.999803 0.601086 0.909313 1.14814 0.431251 0.747456 
1.20641 0.824907 0.632996 1.11039 0.696127 0.971927 0.240955 0.503596 0.670282 0.483806 0.420518 0.820271 0.653738 0.91659 
1.37747 0.694715 1.70385 1.59229 0.390027 0.587633 0.797233 0.754838 0.99399 1.02464 0.56059 1.43305 1.12512 0.75407 
CS MPH
1.18651 0.704789 0.592384 0.756833 0.58052 0.777883 0.916438 0.712207 0.598168 0.514961 0.516814 1.12767 0.356587 0.3183 
0.950807 1.00538 0.953636 0.877633 0.909442 0.840518 0.989043 1.01587 0.332818 1.07655 0.991307 0.809292 0.7899 0.715691 
1.00713 1.06459 1.36693 1.16814 0.88681 0.931893 0.951884 0.539373 1.15503 0.463912 1.30143 1.43348 0.431251 1.30099 
1.15906 1.23881 1.32306 1.34886 0.673804 1.60126 1.39995 1.48224 1.317 1.60284 0.776421 1.4114 1.46915 1.38737 
1.6509 1.50064 1.76627 1.92906 1.84443 1.87588 1.0895 1.72289 1.04223 1.54983 1.61238 2.01794 1.6523 1.91696 
CS MC
1.47832 1.43785 0.926179 1.75908 1.26932 1.63795 1.45811 1.48353 0.490407 0.741187 1.57805 1.51264 0.328398 0.573919 
1.20381 2.35229 2.0148 1.98085 1.6649 1.79393 1.9978 1.66833 1.38072 1.72304 1.9923 2.01921 2.11989 2.07911 
2.57622 2.62968 2.4653 2.45348 2.65929 2.64304 2.4414 2.71944 2.91373 2.39533 1.97669 2.71173 2.45998 2.43127 
3.18337 1.67974 2.37836 1.74809 1.89516 2.51132 2.90836 3.26165 2.98848 2.33054 2.3976 1.38158 2.71967 2.88439 
2.10223 2.55451 1.44643 3.34544 2.30154 3.27541 1.85623 2.93485 2.19233 3.26536 2.73668 3.61495 2.50651 2.78189 
CS MLP
0.95521 0.282981 0.276799 0.45369 0.580089 0.453273 0.631929 0.592637 0.559287 0.653971 0.669198 1.047 0.877636 0.223179 
0.661005 0.78049 0.77818 0.52246 0.23743 0.551611 0.40519 0.364914 0.657137 0.358902 0.664253 0.631926 0.608873 0.366847 
0.557782 0.289913 0.842224 0.494834 0.386309 0.604682 0.447734 0.627885 0.475347 0.660585 0.770716 0.44748 0.890154 0.969097 
0.689747 0.875963 0.326797 0.312518 0.586995 0.526126 1.08746 0.406965 0.639563 0.367965 0.863624 0.777577 0.783239 0.602308 
0.538884 0.991428 1.51436 0.617372 0.648068 0.56673 0.76383 0.848279 0.910653 0.661465 0.590989 0.939953 0.500741 0.877659 
CS MLH
1.09571 0.302511 0.775362 0.558198 0.224963 0.445239 1.10792 0.729771 0.885901 0.580712 0.701793 1.12409 0.435568 0.32752 
0.782161 0.936002 0.781336 0.650178 0.252384 0.459371 0.581836 0.619644 0.442254 0.730782 0.446457 0.850211 0.696142 0.872872 
0.430455 1.12251 1.05594 1.27076 0.383612 0.924463 0.665601 0.62835 1.13698 0.328336 0.964899 0.845397 0.567419 0.996968 
0.756932 0.717842 1.26447 0.962203 0.603796 1.32809 1.33933 0.83581 1.08666 0.97269 0.920296 1.64553 0.861129 0.558547 
0.691436 0.938799 0.803518 1.20402 0.719244 0.888642 0.942855 1.43451 0.578332 1.03253 0.886288 1.22827 1.21647 2.28956 
MSC NJ
0.126635 0.37906 0.153724 0.232172 0.331782 0.311094 0.308369 0.339209 0.403006 0.577149 0.27896 
0.71899 0.375491 0.33609 0.422346 0.466597 0.362495 0.268375 0.271995 0.312216 0.136115 0.411384 
0.266724 0.247098 0.665028 0.412387 0.529814 0.424354 0.44995 0.432594 0.519671 0.342153 0.820256 
0.436021 0.579318 0.529207 0.23932 0.568435 0.286501 0.702257 0.566118 0.670114 0.513887 0.587069 0.538875 0.505421 0.628768 
0.616959 0.547389 0.609456 0.950269 0.487239 0.550588 0.97342 0.76567 0.800786 0.719439 0.709438 0.536106 0.586539 
MSC MPP
0.664734 0.822095 0.592384 0.456725 0.58052 0.621208 0.358543 0.260124 0.120911 0.514961 0.291644 0.570935 0.356587 0.3183 
1.08027 1.1044 0.673611 0.405004 0.775843 0.441965 0.570498 0.80058 0.332818 0.563997 0.290521 0.534223 0.503885 0.468056 
0.629881 0.611102 0.48489 0.250119 0.88681 0.955654 0.487598 0.539373 1.00412 0.601086 0.909313 1.05905 0.431251 0.651662 
0.757443 0.824907 0.632996 0.685871 0.648394 0.971927 0.240955 0.503596 0.481685 0.483806 0.420518 0.406603 0.653738 0.988078 
1.48171 0.615045 1.66125 1.59229 0.390027 0.698361 0.980134 0.754838 1.33699 0.696756 0.56059 1.43305 1.20632 0.75407 
MSC MPH
1.18651 0.704789 0.592384 0.756833 0.58052 0.777883 0.916438 0.712207 0.598168 0.514961 0.516814 1.12767 0.356587 0.3183 
0.950807 1.00538 0.953636 0.877633 0.909442 0.840518 0.989043 1.01587 0.332818 1.07655 0.991307 0.809292 0.7899 0.715691 
1.00713 1.06459 1.36693 1.16814 0.88681 0.931893 0.951884 0.539373 1.15503 0.463912 1.30143 1.43348 0.431251 1.30099 
1.15906 1.23881 1.32306 1.34886 0.673804 1.60126 1.39995 1.48224 1.317 1.60284 0.776421 1.4114 1.46915 1.38737 
1.6509 1.50064 1.76627 1.92906 1.84443 1.87588 1.0895 1.72289 1.04223 1.54983 1.61238 2.01794 1.6523 1.91696 
MSC MC
1.792 1.44828 1.40851 1.38279 1.31293 1.19786 1.67112 1.48791 1.56103 1.44691 1.6611 1.52107 1.73314 1.65097 
1.59557 1.67977 2.02715 2.01646 1.43834 1.24881 1.78753 2.07326 1.13306 1.66779 1.85595 1.80976 2.05336 2.0224 
2.26155 2.73957 2.13447 2.30584 2.0045 2.27913 2.10993 2.03234 2.55747 1.69731 1.87207 2.27217 1.75744 1.8956 
2.49904 2.89084 2.10928 1.87434 2.07919 2.34608 2.4792 2.89205 2.59541 2.40644 2.82189 2.67982 2.75746 2.26272 
2.80183 2.48752 2.62203 3.01496 2.92208 2.90056 2.42225 2.9675 2.51008 3.28351 2.83651 3.01795 2.9435 2.83424 
MSC MLP
0.805791 0.197754 0.466829 0.511375 0.582915 0.304362 0.535358 0.621422 0.346761 0.701578 0.562641 1.01983 0.90772 0.18592 
0.883144 0.632024 0.781047 0.37158 0.348563 0.467251 0.450071 0.457918 0.649128 0.302055 0.354384 0.736503 0.252105 0.512485 
0.474964 0.307324 0.893958 0.520864 0.615997 0.840686 0.307231 0.639935 0.493454 0.771692 0.76339 0.376998 0.770116 1.01444 
0.713369 0.782506 0.619648 0.323983 0.615633 0.41919 0.843332 0.708436 0.808477 0.530818 1.01499 0.666273 0.599675 0.670994 
0.503728 0.547061 0.901241 0.660446 1.10282 0.607111 0.58604 0.62704 0.739373 0.743668 0.850891 0.902843 0.684466 0.881391 
MSC MLH
1.09451 0.216794 0.759455 0.719981 0.23756 0.379328 0.965099 0.76772 0.899499 0.606424 0.43161 1.12942 0.612496 0.300714 
0.862167 1.02235 0.73204 0.30516 0.455842 0.550497 0.754045 0.724023 0.461816 0.245568 1.03602 0.878655 0.396174 0.980607 
0.515183 1.09213 1.14072 0.869023 0.596258 0.885787 0.595799 0.471124 1.44383 0.45011 0.947869 0.922512 0.525287 0.950036 
0.586017 0.731174 1.41154 0.909437 0.737599 1.38426 1.07989 0.772484 0.802661 1.03258 1.09655 1.61437 1.34826 0.618695 
0.920998 0.550676 1.24884 1.65118 1.17733 1.78263 0.607388 1.76329 0.767002 1.09977 1.0571 1.42754 1.71671 2.25498 
