CW NJ
0.893972 1.01525 0.816516 0.966528 0.962274 0.765734 0.743006 1.16691 1.24296 1.13767 0.700093 0.926488 1.27029 0.611807
CW MPP
0.982683 1.21809 0.625833 0.784025 0.650978 0.982683 0.807639 1.19644 1.27236 1.15589 1.00165 1.04829 1.27236 0.710839
CW MPH
1.06338 1.4045 1.15803 1.17661 1.09672 0.982683 1.03788 1.19644 1.39111 1.15589 1.23168 1.11409 1.46905 1.01505
CW MC
1.784 2.09085 1.01276 2.31694 2.05163 1.79415 0.835332 2.03718 2.14248 2.03762 2.19452 2.04493 2.15217 2.03641
CW MLP
0.893486 0.935149 0.971434 0.797131 0.777088 0.952712 1.04733 0.721633 0.524169 0.648272 1.07734 0.61627
CW MLH
0.773937 0.786358 1.02095 0.863324 0.743524 0.977271 0.834528 0.959156 0.645976 0.733715 1.09218 0.631834
