CW
	5
		2828.04	2773.07	2953.56	2897.03	2760.73	2836.63	2727.4	2883.32	2825.1	2866.05	2526.64	2652.08	2825.42	2862.14

	8
		8113.55	7758.29	8279.4	8316.25	7719.66	8186.25	8273.56	8205.35	7864.51	7959.53	8146.6	8227.65	7994.64	8345.14

	12
		19573.9	19209.2	19130.4	20117.1	19105.4	19415.7	19162.9	19414.5	19957	19625.9	19626.6	19517.5	19837.7	19235.9

CS
	5
		3111.54	2959.25	3090.61	3014.56	2918.49	3104.64	2890.48	3006.28	2946.78	2959.72	2607.44	2776.24	2869.79	3113.05

	8
		8337.24	7880.15	8394.11	8777.89	7814.81	8467.27	8627.83	8601.28	8047.29	8216.23	8537.12	8372.2	8025.09	8429.33

	12
		19851.7	19320.5	19313.2	20689.2	19095.9	19899.1	19926.4	19122.4	20181.1	20049.3	19648	20178.2	19485.8	19134.3

MSC
	5
		3301.93	3132.86	3343.9	3328.32	3194.39	3367.77	3196.69	3309.99	3196.18	3207.11	2793.89	2934.44	3141	3305.53

	8
		9106.51	8546.98	9173.78	9357.73	8623.72	9194.95	9403.72	9313.63	8689.57	8937	9056.7	9148.72	8690.93	9128.15

	12
		21679.8	21029.6	20591.7	22098.9	20791.5	21757	21207.7	21116.8	22008.7	21677.8	21274.2	21360.1	20948.9	21063.3

