NJ
0.0 0.0 0.0 0.0 0.0 0.0 0.0 0.0 0.0 0.0 0.0 0.0 0.0 0.0 
0.0 0.0 0.0 0.0 0.0 0.0 0.0 0.0 0.0 0.0 0.0 0.0 0.0 0.0 
MPP
870.0 880.0 850.0 860.0 860.0 880.0 900.0 870.0 860.0 870.0 860.0 850.0 850.0 850.0 
5440.0 5440.0 5520.0 5390.0 5270.0 5240.0 5400.0 5470.0 5290.0 5280.0 5300.0 5310.0 5370.0 5410.0 
MPH
450.0 440.0 440.0 440.0 440.0 450.0 430.0 440.0 440.0 430.0 420.0 430.0 420.0 420.0 
1650.0 1660.0 1680.0 1630.0 1650.0 1680.0 1640.0 1700.0 1660.0 1660.0 1640.0 1680.0 1620.0 1640.0 
MLP
502170.0 559240.0 492590.0 563090.0 504520.0 501360.0 502330.0 512940.0 563940.0 562020.0 477250.0 459170.0 486240.0 504910.0 
97429300.0 44621600.0 46563200.0 92611500.0 59253500.0 94732500.0 93122400.0 40429500.0 44657500.0 128444000.0 95134800.0 123720000.0 43894800.0 45067500.0 
MLH
1166540.0 1081880.0 442800.0 1102250.0 745200.0 1110470.0 641290.0 1146450.0 1287930.0 1116000.0 1415380.0 1038770.0 753750.0 1143650.0 
137922000.0 133271000.0 127995000.0