CW
	4
		71.7529	121.966	157.389	136.022	170	166.773	158.107	94.8949	220.504	125.15	209.051	69.5495	206.45	186.252

	5
		270.521	270.952	427.855	293.271	198.98	500.438	370.37	244.122	389.794	447.506	338.096	357.405	446.198	359.86

	6
		630.134	540.556	476.576	708.255	582.385	533.346	618.98	566.172	386.898	538.554	309.653	498.505	621.936	409.502

	7
		866.079	514.38	995.632	744.942	742.579	950.946	1139.27	1106.41	695.562	932.972	938.244	601.129	937.149	835.294

	8
		1100.76	1380.52	684.4	1254.43	1719.47	1134.17	1105.84	1808.33	666.528	1274.32	1041.61	703.577	987.116	1278.82

CS
	4
		76.0817	127.412	161.466	141.993	180.596	172.658	164.897	94.8325	243.353	129.742	213.168	71.4765	210.874	193.983

	5
		300.218	274.847	465.154	319.497	236.292	533.907	392.457	248.579	439.283	480.253	353.831	352.752	467.57	397.927

	6
		690.969	599.152	502.886	757.634	621.549	535.405	681.07	626.532	406.161	591.292	308.91	510.835	652.108	440.418

	7
		975.595	581.957	1063.45	828.31	796.92	1105.72	1298.6	1172.17	775.604	1005.41	1005.46	652.782	1049.29	969.709

	8
		1107.77	1546.05	786.446	1404.15	1956.58	1144.15	1282.04	2055.91	705.071	1510.13	1100.91	740.299	1111.03	1295.22

MSC
	4
		86.689	143.342	181.212	178.776	210.386	196.815	189.086	112.876	323.54	148.005	254.293	79.7542	279.452	244.134

	5
		352.943	322.463	602.396	367.025	264.677	612.766	499.844	357.332	531.086	583.668	448.221	465.221	574.655	482.081

	6
		819.701	695.954	565.269	860.02	734.605	667.752	809.686	652.354	485.37	668.984	418.033	643.35	774.765	484.748

	7
		1074.91	649.674	1247.52	1013.64	894.331	1245.65	1461.26	1399.65	855.71	1171.8	1215.61	718.77	1141.12	1078.76

	8
		1280.01	1708.23	863.833	1575.47	2004.62	1361.36	1307.6	2090.33	858.905	1686.34	1223.59	785.675	1276.75	1660

