CW NJ
0.893972 1.01525 0.816516 0.966528 0.962274 0.765734 0.743006 1.16691 1.24296 1.13767 0.700093 0.926488 1.27029 0.611807 
CW MPP
0.982683 1.21809 0.625833 0.784025 0.650978 0.982683 0.807639 1.19644 1.27236 1.15589 1.00165 1.04829 1.27236 0.710839 
CW MPH
0.599544 1.4045 0.716546 1.10397 0.650978 0.982683 0.862854 1.19644 1.39111 1.15589 1.23168 1.04829 1.27236 1.00115 
CW MC
2.23709 2.76681 1.95163 1.48342 2.11387 1.85338 1.65279 3.01578 2.81531 3.009 2.89392 1.6976 1.97124 2.38364 
CW MLP
0.870937 1.37804 1.03317 1.1755 0.926072 1.46281 0.933954 1.35606 0.669891 0.636374 1.32728 0.746011 
CW MLH
0.846408 0.772998 0.927915 0.697104 0.836592 1.06568 1.24603 0.967081 0.563372 0.92031 1.14535 0.741783
