CW NJ
1.28601 2.45988 1.68921 1.67149 1.46316 1.35092 1.72193 1.63144 0.896024 0.992421 1.71201 1.76624 2.43512 1.78875 
CW MPP
0.88846 2.37662 1.53926 1.44035 1.32527 1.07644 1.54903 1.29977 0.843101 0.784513 1.75836 1.57539 2.23734 1.95808 
CW MPH
1.69171 1.95801 2.02992 1.95526 2.11523 1.36711 1.58133 1.69699 0.843101 1.56803 1.90733 2.21051 2.36823 2.10176 
CW MC
4.78521 5.42462 4.49972 5.0133 5.35933 5.12764 5.75345 5.68568 4.67964 5.35367 5.227 4.28523 3.95489 4.03657 
CW MLP
1.67195 1.81956 1.50181 1.59919 1.42216 1.32604 1.4304 1.39956 1.03169 1.69322 1.6659 
CW MLH
1.19094 1.76378 1.63105 2.02987 1.22543 1.90156 1.83415 1.55341 1.5209 1.81854 
