NJ
0.918 1.135 0.96 0.876 1.135 1.131 1.109 1.236 1.123 1.038 0.891 0.829 0.846 1.164 
1.329 1.475 1.504 1.354 1.351 1.296 1.196 1.226 1.197 1.189 1.271 1.161 1.394 1.17 
1.759 2.007 1.547 1.935 1.625 1.846 1.956 1.92 1.511 1.637 1.578 1.662 1.599 1.5 
1.764 2.203 2.254 1.679 1.916 2.414 2.47 2.35 2.219 2.059 2.175 2.197 2.185 1.762 
2.753 2.049 1.997 2.767 2.896 2.839 2.937 2.901 2.785 2.7 2.902 2.511 2.841 2.07 
MPP
110.659 99.206 116.805 103.844 122.696 88.224 115.84 110.236 124.127 112.09 125.459 98.314 119.752 114.843 
313.526 305.168 294.678 277.492 296.427 305.306 338.828 316.971 327.833 336.711 331.203 317.075 325.007 330.296 
655.068 630.014 608.01 727.205 662.084 638.633 690.198 700.229 620.153 648.433 660.703 686.741 672.139 682.872 
1305.59 1164.52 1286.47 1253.76 1291.25 1271.62 1238.35 1159.84 1162.05 1287.07 1261.95 1273.08 1091.96 1239.73 
1917.98 2038.57 1763.76 2061.88 2031.76 1917.65 1894.62 1990.13 1862.15 2042.1 1978.55 1937.84 2048.75 2024.63 
MPH
63.272 64.518 70.488 73.383 70.953 64.99 50.742 70.093 76.242 61.128 74.494 67.596 72.148 73.922 
155.561 153.464 153.824 131.434 148.626 163.576 152.892 159.708 142.643 152.468 155.7 153.405 159.545 131.735 
250.854 276.175 229.773 286.408 234.736 283.316 258.123 258.839 273.996 256.109 267.396 263.538 269.72 272.708 
420.949 380.505 415.076 435.741 436.038 441.577 390.363 444.673 433.029 449.667 423.72 427.368 387.398 387.312 
570.94 527.146 543.459 566.074 549.691 595.901 594.114 615.144 563.157 591.886 602.969 585.625 605.256 588.814 
MLP
14778.9 14741.7 13498.8 14295.7 14312.1 15221.4 13825.5 14648.0 14633.9 14358.4 15057.2 13244.7 14883.3 15394.1 
130656.0 129422.0 129896.0 129815.0 125543.0 126968.0 129649.0 128381.0 130032.0 127326.0 129838.0 128749.0 133127.0 130694.0 
869078.0 847088.0 841307.0 911961.0 856715.0 900355.0 880997.0 856243.0 873545.0 880649.0 725217.0 857214.0 871856.0 739680.0 
4783200.0 4089970.0 4175740.0 4842670.0 3032020.0 4831250.0 2971000.0 3012230.0 4117270.0 5051430.0 4840950.0 4768280.0 2781480.0 4854290.0 
11270600.0 23418100.0 26690200.0 27810900.0 27697000.0 27323100.0 13970100.0 12939100.0 21647600.0 23250200.0 27745500.0 27306000.0 27708500.0 27628500.0 
MLH
21319.1 23566.6 13447.9 22265.0 26926.7 22808.5 26005.6 25915.0 20189.7 14480.5 20735.1 22016.4 28189.4 26861.7 
214342.0 211798.0 218605.0 331379.0 305930.0 277157.0 311803.0 216164.0 274116.0 380623.0 276859.0 274704.0 220897.0 269250.0 
3281380.0 1936530.0 1516980.0 3070460.0 1464340.0 2179320.0 1963120.0 1848900.0 1831370.0 1962290.0 2029470.0 2048370.0 1879870.0 1464860.0 
16997400.0 16358400.0 20651700.0 18697100.0 18059500.0 18651300.0 28621900.0 39809500.0 31238900.0 15729800.0 17429300.0 13603900.0 21850300.0 20871800.0 
86048300.0 137748000.0 85146500.0 93325200.0 133932000.0 135400000.0 91507600.0 110903000.0 92418800.0 111270000.0 102207000.0 98042800.0 90006400.0 90020200.0 
MC
540471.0 553322.0 563759.0 571815.0 558852.0 583231.0 555535.0 542383.0 606121.0 565622.0 603390.0 534353.0 594041.0 573610.0 
2470330.0 2298950.0 2739840.0 2776010.0 1184090.0 1228100.0 2748430.0 2735420.0 1264320.0 2799200.0 2720470.0 2757280.0 2857710.0 2643300.0 
2215740.0 5181300.0 2196370.0 2294630.0 2169740.0 2242550.0 2197990.0 2227270.0 3402910.0 2199340.0 3190920.0 2178780.0 2250360.0 2151750.0 
6150890.0 5093620.0 5804080.0 9954020.0 5934480.0 4537490.0 5780190.0 16116100.0 4505260.0 13222200.0 6173670.0 4486730.0 7691970.0 6178280.0 
13888800.0 15205200.0 13753900.0 17725000.0 14231600.0 15151000.0 14289600.0 16588300.0 14176300.0 17269000.0 14346200.0 14052400.0 28247800.0 16205000.0 
