NJ
1.037 1.198 1.209 1.27 1.314 1.172 1.296 1.153 1.203 1.368 1.078 0.938 0.948 1.1 
1.186 1.532 1.52 1.575 1.536 1.59 1.561 1.511 1.444 1.12 1.43 1.216 1.336 1.329 
1.453 1.392 1.288 1.895 1.912 1.866 2.078 1.852 1.798 1.51 1.872 1.771 1.353 1.259 
1.679 1.634 1.584 2.317 1.802 2.333 2.083 2.162 1.94 2.142 1.805 1.75 1.895 1.529 
1.99 2.654 2.013 2.375 2.595 2.595 2.816 2.469 2.615 2.653 2.217 2.088 2.031 2.012 
MPP
102.121 120.918 112.737 119.756 115.956 121.12 110.338 115.588 127.113 122.017 125.078 110.118 120.056 109.59 
306.622 319.726 341.253 309.866 301.715 361.209 322.788 338.004 325.483 350.613 338.216 344.631 356.807 338.738 
675.06 629.023 649.992 790.1 730.029 725.762 735.356 690.611 706.389 703.068 607.282 703.056 727.289 709.04 
1409.32 1312.92 1232.05 1322.94 1259.28 1347.8 1308.05 1396.56 1259.5 1428.42 1376.74 1310.21 1357.49 1303.69 
2016.56 2206.83 2136.91 2052.08 2306.24 1979.64 2155.4 2310.74 2112.03 2238.5 2072.17 2065.24 2076.62 2053.14 
MPH
64.681 65.072 74.119 77.538 68.148 67.189 74.89 68.095 74.632 72.591 78.662 66.923 61.395 74.83 
148.769 160.26 175.661 150.872 162.115 168.003 170.278 166.743 160.666 159.394 167.574 167.061 146.211 159.702 
244.261 278.989 250.976 297.176 258.912 305.514 295.482 285.714 269.583 280.705 280.158 294.118 289.323 279.968 
467.812 454.744 386.098 445.397 482.979 480.567 434.302 444.524 426.532 483.187 441.672 456.488 461.91 464.905 
644.668 629.165 547.409 653.811 695.262 589.493 591.017 690.064 556.753 659.393 638.977 609.957 625.0 648.116 
MLP
14207.8 15012.4 14669.8 15559.8 14766.8 15560.7 15570.5 13535.3 15332.7 14908.4 15705.0 13460.3 15253.3 15831.5 
135250.0 133064.0 138267.0 135006.0 128338.0 136985.0 135992.0 133722.0 137317.0 141144.0 134984.0 136764.0 139704.0 139145.0 
942551.0 933997.0 927163.0 978845.0 945270.0 963620.0 945308.0 950559.0 917040.0 947037.0 762404.0 935163.0 941979.0 926143.0 
5747760.0 4852380.0 4875750.0 5569190.0 5639350.0 5787050.0 4850320.0 3285790.0 4667420.0 5878670.0 5606690.0 5553880.0 5567810.0 5680490.0 
12459700.0 25684900.0 24558100.0 29980500.0 31349200.0 29587800.0 15252500.0 31966700.0 28690200.0 26153400.0 29728800.0 13241400.0 30389000.0 29929600.0 
MLH
20574.3 26887.7 14360.4 22034.4 27668.5 23139.2 23672.9 25274.0 23963.4 14756.3 29281.1 24805.6 28806.8 22924.9 
224769.0 224412.0 429681.0 331180.0 276373.0 290255.0 231564.0 224751.0 279007.0 231942.0 501995.0 296176.0 307740.0 335568.0 
3457630.0 2145710.0 3952150.0 2277510.0 1587030.0 2434530.0 2195000.0 2392970.0 2234360.0 2595290.0 2292060.0 3253760.0 2400870.0 2166010.0 
11491200.0 28376600.0 20375100.0 14874800.0 14440400.0 11536100.0 16858900.0 30389000.0 19025800.0 17550500.0 14514900.0 13910100.0 21844300.0 24064200.0 
117294000.0 143752000.0 101021000.0 131381000.0 228724000.0 171949000.0 135869000.0 195227000.0 78877700.0 167379000.0 109680000.0 104139000.0 118163000.0 125301000.0 
MC
599491.0 596797.0 393346.0 620728.0 609143.0 582871.0 576983.0 593261.0 580058.0 382015.0 652828.0 571116.0 582782.0 618785.0 
1107630.0 1400110.0 1454900.0 1373500.0 1391760.0 1452640.0 1462350.0 1416640.0 1098430.0 1436750.0 1392140.0 1413250.0 1481880.0 1434880.0 
4575900.0 4565130.0 4532070.0 4773490.0 4607780.0 4714720.0 4589800.0 4616660.0 4487050.0 4625240.0 4342590.0 4566780.0 4584050.0 4483220.0 
13259900.0 17564800.0 9621230.0 9981500.0 18016700.0 15014300.0 17663400.0 15462200.0 11875600.0 26330700.0 10376100.0 9950700.0 16363500.0 15124100.0 
59365700.0 51346500.0 50324800.0 52528100.0 43959500.0 51692300.0 52206700.0 53263200.0 49853600.0 51242000.0 52259300.0 75555000.0 51682300.0 45441300.0 
