NJ
1.344 1.23 1.225 1.187 0.933 1.235 1.015 1.118 1.235 1.211 0.957 1.061 1.151 1.226 
1.166 1.082 1.042 1.195 1.496 1.383 1.546 1.679 1.5 1.572 1.28 1.175 1.077 1.171 
1.374 1.902 1.281 1.819 1.525 1.963 1.552 1.589 1.687 1.67 1.836 1.519 1.413 1.369 
1.652 1.596 2.203 1.598 1.59 2.315 1.995 1.892 2.103 2.149 1.757 1.596 1.713 2.107 
2.706 1.983 2.695 1.908 2.582 2.135 2.57 2.421 2.684 2.652 2.164 2.109 1.904 2.022 
MPP
109.277 106.075 111.265 106.79 115.701 120.237 109.203 112.545 108.703 111.635 123.402 113.098 116.309 114.036 
270.346 323.76 338.426 334.424 313.676 355.575 304.721 297.899 334.624 344.526 338.254 331.106 333.451 333.58 
721.402 601.201 674.532 732.308 693.109 674.463 738.024 729.833 576.964 709.806 671.714 719.181 709.216 688.906 
1350.15 1268.54 1328.77 1214.64 1351.43 1268.96 1318.64 1282.84 1341.03 1403.8 1387.59 1314.77 1276.28 1359.06 
2174.74 2099.37 1945.37 2152.25 2301.95 2020.98 2102.61 2151.36 2052.91 2160.51 2172.53 2003.69 2184.61 2174.36 
MPH
65.159 65.864 63.266 64.986 74.691 71.231 66.94 70.925 70.811 65.706 66.805 70.077 74.587 73.73 
157.256 158.518 169.223 163.772 155.413 150.966 152.028 162.423 155.732 165.588 166.954 158.679 163.5 150.911 
270.226 274.377 285.638 295.931 292.621 298.713 289.477 282.361 252.646 277.076 262.63 284.446 281.527 280.841 
460.885 366.557 446.655 455.073 440.973 419.243 468.838 463.207 435.871 471.583 459.589 442.199 382.326 445.611 
555.651 646.711 619.138 564.397 680.631 605.342 608.804 655.527 535.9 644.813 634.475 620.525 658.672 639.043 
MLP
14989.1 15794.3 15738.4 15665.5 16047.1 16532.1 16431.4 15082.6 16801.1 16040.5 16598.8 15703.2 16545.5 16220.6 
144685.0 139217.0 149266.0 139683.0 142142.0 148795.0 145440.0 142576.0 145926.0 145912.0 146738.0 145827.0 150262.0 147208.0 
994880.0 993866.0 990139.0 1051620.0 997421.0 1016490.0 1005440.0 1009630.0 974953.0 1005280.0 816530.0 993433.0 994100.0 976125.0 
5588410.0 4660330.0 4797350.0 5392490.0 5526730.0 5596840.0 3414100.0 3466240.0 5419060.0 5702090.0 3457000.0 5308900.0 3234170.0 5526660.0 
13228900.0 26959400.0 29593000.0 31234200.0 32406400.0 30893400.0 15807400.0 15465400.0 29140300.0 26029100.0 31094600.0 14178600.0 31084900.0 31080300.0 
MLH
21139.3 24648.9 15493.7 22496.0 27285.6 21519.3 22201.3 19248.0 28394.1 14762.8 27973.1 21365.0 28776.1 26734.9 
235527.0 227210.0 398570.0 355049.0 292442.0 307624.0 235621.0 233421.0 289119.0 306578.0 234621.0 358769.0 309258.0 283223.0 
4132060.0 2221370.0 3645720.0 3624490.0 1647800.0 2969990.0 4295400.0 2468770.0 2291990.0 2284130.0 2348110.0 3361860.0 2123450.0 2284930.0 
15624500.0 15155300.0 21526200.0 18835500.0 15893100.0 19125900.0 35572200.0 17064400.0 11298500.0 33454900.0 26803500.0 14386200.0 24973200.0 20927600.0 
95744500.0 124844000.0 91913100.0 132976000.0 111222000.0 98641200.0 100649000.0 67095100.0 144248000.0 96680600.0 121247000.0 115901000.0 117370000.0 
MC
437300.0 560033.0 516172.0 563445.0 518006.0 596813.0 372577.0 528924.0 521275.0 481435.0 611369.0 493312.0 556357.0 602349.0 
2154130.0 1014220.0 2211380.0 1795340.0 1026200.0 1105920.0 1839010.0 1073300.0 1073560.0 2280950.0 2043680.0 1092940.0 2221200.0 2120640.0 
3138170.0 2428710.0 3835920.0 7459370.0 2447720.0 2506910.0 3937990.0 2475420.0 3791920.0 3933340.0 3715820.0 3893030.0 2430610.0 3804400.0 
13617400.0 16002700.0 11633400.0 11293500.0 12148700.0 10602400.0 15754700.0 10696700.0 14635900.0 26307700.0 10659600.0 14386800.0 10053200.0 10402900.0 
34385900.0 32912200.0 30167300.0 31930000.0 32864400.0 31623400.0 31588400.0 33234700.0 30198700.0 34712700.0 31833000.0 30057600.0 34663400.0 31771000.0 
